Screening of Au Smoothed quadrilateral NP
Dimensions and Wavelenght in nm, |E|^2/|E0|^2 in a.u.
   
l [nm]	w [nm]	H [nm]	lambda [nm]	Avg F.E. [nm]
20	20	20	542.986	3.72386
25	20	20	554.273	6.35724
30	20	20	574.163	10.5287
35	20	20	601.504	19.782
40	20	20	626.632	45.3545
45	20	20	650.407	101.632
50	20	20	676.056	175.636
55	20	20	703.812	262.937
60	20	20	731.707	356.954
65	20	20	761.905	458.266
70	20	20	792.079	558.124
20	25	20	539.326	3.3793
25	25	20	549.199	5.46126
30	25	20	564.706	8.87769
35	25	20	585.366	14.9596
40	25	20	609.137	28.6214
45	25	20	631.579	59.0231
50	25	20	652.174	111.022
55	25	20	676.056	173.081
60	25	20	701.754	241.776
65	25	20	727.273	315.171
70	25	20	754.717	388.013
75	25	20	781.759	461.192
20	30	20	536.913	3.06862
25	30	20	546.697	4.71164
30	30	20	559.441	7.45232
35	30	20	578.313	11.9186
40	30	20	598.504	20.7462
45	30	20	618.557	38.1665
50	30	20	638.298	72.1736
55	30	20	659.341	117.35
60	30	20	681.818	167.137
65	30	20	705.882	219.487
70	30	20	729.483	274.234
75	30	20	754.717	327.99
80	30	20	779.221	382.167
85	30	20	421.793	1.09587
90	30	20	542.986	1.12941
95	30	20	547.945	1.18462
100	30	20	551.724	1.24939
20	35	20	535.714	2.79805
25	35	20	545.455	4.10654
30	35	20	556.845	6.27969
35	35	20	572.792	9.68748
40	35	20	591.133	15.9538
45	35	20	609.137	27.8318
50	35	20	629.921	49.2044
55	35	20	648.649	81.9552
60	35	20	668.524	118.624
65	35	20	689.655	157.111
70	35	20	712.166	196.483
75	35	20	736.196	236.38
80	35	20	759.494	275.98
85	35	20	781.759	313.5
20	40	20	534.521	2.59059
25	40	20	544.218	3.66078
30	40	20	555.556	5.39277
35	40	20	570.071	8.0712
40	40	20	586.797	12.7945
45	40	20	604.534	21.3452
50	40	20	623.377	35.7148
55	40	20	640	59.2887
60	40	20	659.341	87.1813
65	40	20	679.887	116.117
70	40	20	701.754	145.254
75	40	20	722.892	175.121
80	40	20	745.342	204.497
85	40	20	766.773	233.329
90	40	20	789.474	261.626
20	45	20	533.333	2.425
25	45	20	542.986	3.32369
30	45	20	554.273	4.73165
35	45	20	567.376	6.89579
40	45	20	583.942	10.557
45	45	20	601.504	16.9496
50	45	20	616.967	27.4765
55	45	20	634.921	44.7591
60	45	20	652.174	66.0595
65	45	20	672.269	88.309
70	45	20	691.643	110.874
75	45	20	712.166	133.271
80	45	20	733.945	155.719
85	45	20	754.717	177.366
90	45	20	776.699	199.033
95	45	20	532.151	1.09621
100	45	20	530.973	1.10417
20	50	20	532.151	2.29306
25	50	20	541.761	3.06421
30	50	20	554.273	4.21849
35	50	20	567.376	5.98097
40	50	20	582.524	8.88379
45	50	20	598.504	13.8299
50	50	20	613.811	21.8862
55	50	20	631.579	34.5545
60	50	20	648.649	51.1755
65	50	20	666.667	68.6014
70	50	20	685.714	86.2296
75	50	20	705.882	103.595
80	50	20	725.076	120.983
85	50	20	745.342	137.8
90	50	20	766.773	154.591
95	50	20	789.474	171.337
20	20	25	538.117	3.71132
25	20	25	549.199	6.11578
30	20	25	563.38	10.0638
35	20	25	585.366	17.0675
40	20	25	607.595	32.9738
45	20	25	631.579	68.3422
50	20	25	652.174	128.728
55	20	25	676.056	200.328
60	20	25	701.754	279.319
65	20	25	727.273	363.394
70	20	25	754.717	447.054
75	20	25	781.759	530.883
20	25	25	535.714	3.34736
25	25	25	542.986	4.28523
30	25	25	552.995	6.71003
35	25	25	567.376	10.1622
40	25	25	586.797	15.764
45	25	25	616.967	23.77
50	25	25	634.921	55.8749
55	25	25	652.174	103.337
60	25	25	674.157	156.744
65	25	25	697.674	213.094
70	25	25	720.721	270.772
75	25	25	747.664	330.171
80	25	25	771.704	388.491
85	25	25	797.342	442.347
20	30	25	533.333	3.03721
25	30	25	539.326	3.90313
30	30	25	549.199	5.92339
35	30	25	560.748	9.00632
40	30	25	578.313	13.5465
45	30	25	595.533	20.9247
50	30	25	621.762	33.1346
55	30	25	638.298	67.2212
60	30	25	655.738	106.72
65	30	25	676.056	148.683
70	30	25	697.674	191.54
75	30	25	720.721	235.278
80	30	25	743.034	277.721
85	30	25	766.773	318.722
90	30	25	792.079	356.69
20	35	25	532.151	2.77405
25	35	25	538.117	3.55169
30	35	25	546.697	5.20088
35	35	25	556.845	7.69853
40	35	25	572.792	11.313
45	35	25	589.681	16.3741
50	35	25	609.137	25.0867
55	35	25	629.921	43.1869
60	35	25	645.161	74.4172
65	35	25	662.983	106.542
70	35	25	683.761	138.211
75	35	25	703.812	170.405
80	35	25	725.076	201.731
85	35	25	747.664	231.852
90	35	25	769.231	261.559
95	35	25	792.079	288.873
20	40	25	530.973	2.57203
25	40	25	536.913	3.24965
30	40	25	545.455	4.61784
35	40	25	555.556	6.6437
40	40	25	567.376	9.55003
45	40	25	585.366	14.1816
50	40	25	601.504	20.4755
55	40	25	621.762	31.5091
60	40	25	638.298	53.8327
65	40	25	653.951	78.1521
70	40	25	672.269	102.637
75	40	25	691.643	126.553
80	40	25	712.166	149.994
85	40	25	731.707	172.514
90	40	25	752.351	194.186
95	40	25	774.194	215.48
100	40	25	797.342	235.438
20	45	25	529.801	2.41072
25	45	25	535.714	3.00765
30	45	25	544.218	4.14486
35	45	25	554.273	5.84423
40	45	25	566.038	8.21413
45	45	25	581.114	11.9862
50	45	25	595.533	17.106
55	45	25	615.385	24.8609
60	45	25	633.245	39.4864
65	45	25	646.9	59.6521
70	45	25	664.82	78.038
75	45	25	681.818	96.3441
80	45	25	701.754	114.424
85	45	25	720.721	131.623
90	45	25	740.741	148.276
95	45	25	761.905	164.461
100	45	25	784.314	179.651
20	50	25	528.634	2.28136
25	50	25	534.521	2.81343
30	50	25	544.218	3.77904
35	50	25	552.995	5.20949
40	50	25	564.706	7.14575
45	50	25	579.71	10.1219
50	50	25	592.593	14.3312
55	50	25	610.687	20.3228
60	50	25	628.272	31.0291
65	50	25	643.432	46.1094
70	50	25	657.534	61.0059
75	50	25	676.056	75.4089
80	50	25	693.642	89.2524
85	50	25	714.286	102.712
90	50	25	733.945	115.678
95	50	25	752.351	128.313
100	50	25	771.704	140.145
20	20	30	536.913	3.64135
25	20	30	546.697	5.80078
30	20	30	558.14	9.40891
35	20	30	576.923	15.2313
40	20	30	598.504	26.8891
45	20	30	618.557	50.0696
50	20	30	638.298	95.1531
55	20	30	659.341	154.294
60	20	30	681.818	219.02
65	20	30	705.882	286.828
70	20	30	729.483	357.513
75	20	30	754.717	426.606
80	20	30	779.221	496.093
85	20	30	540.541	1.18944
90	20	30	545.455	1.25705
95	20	30	547.945	1.34066
100	20	30	551.724	1.42456
20	25	30	533.333	3.28166
25	25	30	539.326	4.24466
30	25	30	549.199	6.48098
35	25	30	559.441	9.8496
40	25	30	578.313	14.4579
45	25	30	595.533	22.4763
50	25	30	620.155	39.2205
55	25	30	638.298	74.0247
60	25	30	655.738	120.261
65	25	30	676.056	167.142
70	25	30	697.674	215.024
75	25	30	720.721	264.783
80	25	30	743.034	311.243
85	25	30	766.773	357.074
90	25	30	792.079	399.578
20	30	30	532.151	2.98149
25	30	30	536.913	3.84704
30	30	30	542.986	5.15279
35	30	30	551.724	7.17084
40	30	30	564.706	10.7025
45	30	30	586.797	16.1573
50	30	30	601.504	25.2317
55	30	30	625	37.4403
60	30	30	640	74.0133
65	30	30	657.534	107.837
70	30	30	677.966	145.507
75	30	30	697.674	186.016
80	30	30	718.563	218.092
85	30	30	740.741	254.395
90	30	30	764.331	291.451
95	30	30	786.885	317.093
20	35	30	530.973	2.72932
25	35	30	535.714	3.49967
30	35	30	540.541	4.39228
35	35	30	547.945	6.12615
40	35	30	560.748	9.26452
45	35	30	576.923	12.2554
50	35	30	592.593	19.6113
55	35	30	607.595	28.7918
60	35	30	629.921	44.7052
65	35	30	645.161	73.6261
70	35	30	662.983	102.654
75	35	30	681.818	126.722
80	35	30	701.754	155.272
85	35	30	720.721	184.841
90	35	30	743.034	202.608
95	35	30	764.331	227.79
100	35	30	784.314	254.698
20	40	30	528.634	2.53575
25	40	30	534.521	3.20619
30	40	30	539.326	4.2404
35	40	30	546.697	5.49287
40	40	30	555.556	8.42585
45	40	30	570.071	11.059
50	40	30	588.235	15.9878
55	40	30	601.504	24.8523
60	40	30	623.377	34.3688
65	40	30	638.298	53.1
70	40	30	653.951	81.0689
75	40	30	672.269	96.0701
80	40	30	691.643	115.906
85	40	30	710.059	144.851
90	40	30	729.483	153.202
95	40	30	750	171.168
100	40	30	769.231	199.393
20	45	30	528.634	2.38154
25	45	30	533.333	2.97262
30	45	30	536.913	3.87061
35	45	30	544.218	5.12272
40	45	30	554.273	7.19964
45	45	30	570.071	9.71908
50	45	30	583.942	14.2183
55	45	30	597.015	21.1183
60	45	30	615.385	28.1854
65	45	30	633.245	42.1786
70	45	30	646.9	61.317
75	45	30	662.983	78.5728
80	45	30	681.818	93.6697
85	45	30	699.708	109.574
90	45	30	718.563	125.317
95	45	30	738.462	137.795
100	45	30	757.098	151.279
20	50	30	527.473	2.25722
25	50	30	532.151	2.7844
30	50	30	536.913	3.44602
35	50	30	544.218	4.46863
40	50	30	554.273	6.42531
45	50	30	566.038	7.96104
50	50	30	582.524	11.7154
55	50	30	592.593	17.5418
60	50	30	610.687	21.5575
65	50	30	626.632	31.2731
70	50	30	641.711	47.1617
75	50	30	657.534	57.9549
80	50	30	674.157	71.6349
85	50	30	691.643	85.1066
90	50	30	710.059	92.5906
95	50	30	729.483	105.229
100	50	30	747.664	117.49
20	20	35	535.714	3.57426
25	20	35	545.455	5.53423
30	20	35	555.556	8.7957
35	20	35	571.429	13.8301
40	20	35	591.133	23.1445
45	20	35	609.137	41.1307
50	20	35	629.921	73.2007
55	20	35	648.649	121.78
60	20	35	668.524	175.688
65	20	35	689.655	231.513
70	20	35	712.166	288.442
75	20	35	736.196	345.525
80	20	35	759.494	401.659
85	20	35	781.759	455.555
20	25	35	532.151	3.22188
25	25	35	538.117	4.162
30	25	35	546.697	6.1948
35	25	35	556.845	9.33547
40	25	35	571.429	13.2869
45	25	35	589.681	20.7874
50	25	35	607.595	32.4375
55	25	35	628.272	54.2617
60	25	35	645.161	93.5212
65	25	35	662.983	133.548
70	25	35	683.761	172.723
75	25	35	703.812	213.132
80	25	35	725.076	252.028
85	25	35	747.664	289.16
90	25	35	769.231	325.419
95	25	35	792.079	359.401
20	30	35	530.973	2.93077
25	30	35	535.714	3.76894
30	30	35	540.541	5.07934
35	30	35	546.697	6.90882
40	30	35	559.441	10.3057
45	30	35	576.923	15.0777
50	30	35	592.593	21.5786
55	30	35	609.137	32.5448
60	30	35	629.921	54.9511
65	30	35	645.161	86.3789
70	30	35	662.983	118.152
75	30	35	681.818	150.726
80	30	35	701.754	178.535
85	30	35	722.892	208.637
90	30	35	743.034	238.742
95	30	35	764.331	261.62
100	30	35	786.885	285.903
20	35	35	529.801	2.68793
25	35	35	533.333	3.43412
30	35	35	538.117	4.27366
35	35	35	544.218	5.45397
40	35	35	551.724	7.71795
45	35	35	564.706	10.6623
50	35	35	582.524	14.5373
55	35	35	597.015	20.5076
60	35	35	620.155	29.2137
65	35	35	633.245	50.0977
70	35	35	648.649	74.7732
75	35	35	666.667	94.2309
80	35	35	683.761	124.754
85	35	35	701.754	146.68
90	35	35	722.892	167.095
95	35	35	743.034	185.216
100	35	35	764.331	202.336
20	40	35	528.634	2.50149
25	40	35	532.151	3.15125
30	40	35	536.913	4.16409
35	40	35	542.986	5.04482
40	40	35	549.199	7.37058
45	40	35	559.441	9.63993
50	40	35	576.923	13.0095
55	40	35	591.133	17.8061
60	40	35	606.061	23.1247
65	40	35	626.632	37.1282
70	40	35	640	54.5683
75	40	35	653.951	77.2637
80	40	35	672.269	95.4218
85	40	35	689.655	111.88
90	40	35	707.965	128.26
95	40	35	727.273	142.487
100	40	35	747.664	156.198
20	45	35	527.473	2.35346
25	45	35	530.973	2.92653
30	45	35	534.521	3.81683
35	45	35	540.541	4.6326
40	45	35	546.697	6.70205
45	45	35	556.845	8.62296
50	45	35	571.429	11.3032
55	45	35	585.366	15.5357
60	45	35	598.504	21.2527
65	45	35	616.967	28.7385
70	45	35	634.921	40.3664
75	45	35	648.649	55.6241
80	45	35	662.983	73.8084
85	45	35	679.887	88.2678
90	45	35	697.674	100.243
95	45	35	716.418	112.137
100	45	35	736.196	123.055
20	50	35	526.316	2.23324
25	50	35	530.973	2.74586
30	50	35	534.521	3.37115
35	50	35	539.326	4.27915
40	50	35	546.697	5.70479
45	50	35	555.556	7.9458
50	50	35	570.071	9.87203
55	50	35	585.366	13.3342
60	50	35	594.059	18.3743
65	50	35	609.137	22.3459
70	50	35	629.921	31.8359
75	50	35	641.711	44.1211
80	50	35	657.534	55.1599
85	50	35	674.157	69.4273
90	50	35	691.643	79.6835
95	50	35	707.965	88.3819
100	50	35	727.273	92.8738
20	20	40	534.521	3.52034
25	20	40	544.218	5.33306
30	20	40	554.273	8.29864
35	20	40	568.72	12.7618
40	20	40	586.797	20.6048
45	20	40	604.534	35.1094
50	20	40	621.762	59.3716
55	20	40	640	98.7311
60	20	40	659.341	144.215
65	20	40	679.887	190.651
70	20	40	699.708	237.263
75	20	40	722.892	284.397
80	20	40	745.342	330.34
85	20	40	766.773	375.933
90	20	40	789.474	420.092
20	25	40	532.151	3.17353
25	25	40	536.913	4.08386
30	25	40	545.455	5.94803
35	25	40	554.273	8.83061
40	25	40	567.376	12.3999
45	25	40	585.366	18.8415
50	25	40	600	29.237
55	25	40	620.155	43.5639
60	25	40	638.298	73.695
65	25	40	653.951	108.954
70	25	40	672.269	141.747
75	25	40	691.643	174.793
80	25	40	712.166	206.867
85	25	40	731.707	237.468
90	25	40	754.717	266.634
95	25	40	774.194	295.417
100	25	40	797.342	321.987
20	30	40	529.801	2.88957
25	30	40	534.521	3.69869
30	30	40	538.117	4.94651
35	30	40	545.455	6.75882
40	30	40	555.556	10.1664
45	30	40	571.429	13.6677
50	30	40	586.797	19.7743
55	30	40	598.504	28.9676
60	30	40	621.762	43.5747
65	30	40	636.605	65.9804
70	30	40	652.174	94.0184
75	30	40	668.524	123.129
80	30	40	687.679	146.783
85	30	40	707.965	170.951
90	30	40	727.273	195.785
95	30	40	747.664	215.115
100	30	40	766.773	236.213
20	35	40	528.634	2.65379
25	35	40	532.151	3.37381
30	35	40	535.714	4.2389
35	35	40	541.761	5.32252
40	35	40	549.199	7.52316
45	35	40	558.14	10.3905
50	35	40	576.923	13.7739
55	35	40	589.681	18.8532
60	35	40	607.595	26.499
65	35	40	626.632	37.7756
70	35	40	640	58.5714
75	35	40	653.951	81.0048
80	35	40	670.391	103.526
85	35	40	689.655	122.133
90	35	40	707.965	140.118
95	35	40	727.273	155.161
100	35	40	745.342	169.262
20	40	40	527.473	2.47321
25	40	40	530.973	3.10088
30	40	40	534.521	4.08026
35	40	40	539.326	4.9166
40	40	40	545.455	6.3464
45	40	40	551.724	7.78399
50	40	40	562.061	11.2168
55	40	40	582.524	14.0484
60	40	40	594.059	18.5552
65	40	40	606.061	23.8332
70	40	40	628.272	38.5642
75	40	40	643.432	54.5358
80	40	40	655.738	71.7138
85	40	40	674.157	85.2089
90	40	40	689.655	99.7226
95	40	40	710.059	111.315
100	40	40	727.273	124.287
20	45	40	526.316	2.32907
25	45	40	530.973	2.8842
30	45	40	533.333	3.7745
35	45	40	538.117	4.6254
40	45	40	542.986	5.85754
45	45	40	550.459	7.23071
50	45	40	559.441	10.0424
55	45	40	575.54	12.1617
60	45	40	588.235	17.9788
65	45	40	603.015	19.5352
70	45	40	626.632	28.7324
75	45	40	636.605	40.3789
80	45	40	650.407	56.4767
85	45	40	666.667	64.3783
90	45	40	681.818	80.8659
95	45	40	699.708	85.4854
100	45	40	718.563	101.157
20	50	40	526.316	2.21228
25	50	40	529.801	2.70993
30	50	40	533.333	3.33488
35	50	40	538.117	4.26807
40	50	40	541.761	5.38007
45	50	40	549.199	6.57265
50	50	40	556.845	9.13748
55	50	40	575.54	10.7474
60	50	40	582.524	14.5164
65	50	40	597.015	18.9351
70	50	40	613.811	24.8569
75	50	40	633.245	32.9677
80	50	40	643.432	44.3528
85	50	40	659.341	53.8508
90	50	40	674.157	62.6327
95	50	40	691.643	70.0836
100	50	40	707.965	77.7931
20	20	45	534.521	3.47867
25	20	45	542.986	5.18338
30	20	45	552.995	7.90949
35	20	45	566.038	11.9679
40	20	45	582.524	18.7402
45	20	45	600	30.7958
50	20	45	616.967	50.6336
55	20	45	634.921	82.5019
60	20	45	652.174	121.156
65	20	45	672.269	160.207
70	20	45	691.643	199.802
75	20	45	712.166	238.56
80	20	45	733.945	276.699
85	20	45	754.717	313.739
90	20	45	776.699	350.482
95	20	45	533.333	1.25432
100	20	45	535.714	1.28068
20	25	45	530.973	3.13561
25	25	45	535.714	4.01896
30	25	45	544.218	5.75261
35	25	45	552.995	8.40143
40	25	45	564.706	11.6788
45	25	45	582.524	17.158
50	25	45	595.533	26.5093
55	25	45	613.811	37.3732
60	25	45	631.579	59.9226
65	25	45	646.9	90.8393
70	25	45	662.983	118.391
75	25	45	681.818	146.198
80	25	45	701.754	172.859
85	25	45	720.721	198.029
90	25	45	740.741	222.523
95	25	45	761.905	246.54
100	25	45	781.759	268.393
20	30	45	529.801	2.85615
25	30	45	533.333	3.64074
30	30	45	538.117	4.83094
35	30	45	544.218	6.56319
40	30	45	554.273	9.65917
45	30	45	567.376	12.7263
50	30	45	585.366	18.1255
55	30	45	595.533	27.2659
60	30	45	612.245	37.3407
65	30	45	631.579	55.8157
70	30	45	645.161	80.3716
75	30	45	662.983	103.782
80	30	45	679.887	123.998
85	30	45	697.674	144.239
90	30	45	716.418	164.722
95	30	45	736.196	181.454
100	30	45	757.098	198.339
20	35	45	527.473	2.62592
25	35	45	532.151	3.32342
30	35	45	534.521	4.15006
35	35	45	539.326	5.24927
40	35	45	547.945	7.28151
45	35	45	555.556	10.2385
50	35	45	572.792	13.0747
55	35	45	585.366	18.5287
60	35	45	598.504	25.1706
65	35	45	615.385	33.5765
70	35	45	633.245	49.345
75	35	45	646.9	68.17
80	35	45	662.983	86.6641
85	35	45	679.887	103.61
90	35	45	697.674	118.663
95	35	45	714.286	131.315
100	35	45	733.945	143.424
20	40	45	526.316	2.44913
25	40	45	530.973	3.05832
30	40	45	534.521	3.99761
35	40	45	538.117	4.81432
40	40	45	542.986	6.25458
45	40	45	550.459	7.69837
50	40	45	558.14	10.9194
55	40	45	578.313	13.2211
60	40	45	586.797	17.6621
65	40	45	600	23.1883
70	40	45	621.762	32.6535
75	40	45	636.605	45.6177
80	40	45	648.649	60.5882
85	40	45	664.82	72.7757
90	40	45	679.887	84.9346
95	40	45	699.708	94.9153
100	40	45	716.418	105.585
20	45	45	526.316	2.30859
25	45	45	529.801	2.84833
30	45	45	533.333	3.6694
35	45	45	536.913	4.55876
40	45	45	541.761	5.71361
45	45	45	546.697	6.38039
50	45	45	552.995	8.95466
55	45	45	564.706	10.8499
60	45	45	581.114	14.154
65	45	45	592.593	16.9163
70	45	45	601.504	21.9106
75	45	45	629.921	31.0554
80	45	45	641.711	44.0891
85	45	45	652.174	54.6279
90	45	45	668.524	60.8386
95	45	45	685.714	73.282
100	45	45	701.754	82.9966
20	50	45	525.164	2.19481
25	50	45	528.634	2.67825
30	50	45	532.151	3.28469
35	50	45	536.913	4.17354
40	50	45	540.541	5.28412
45	50	45	545.455	6.18852
50	50	45	551.724	7.64252
55	50	45	560.748	9.78413
60	50	45	578.313	12.3684
65	50	45	588.235	15.9255
70	50	45	600	18.4617
75	50	45	625	24.0939
80	50	45	636.605	34.3938
85	50	45	646.9	45.1269
90	50	45	662.983	49.8657
95	50	45	677.966	58.5407
100	50	45	693.642	66.0335
20	20	50	533.333	3.44555
25	20	50	542.986	5.06761
30	20	50	552.995	7.60801
35	20	50	564.706	11.354
40	20	50	581.114	17.3398
45	20	50	597.015	27.6752
50	20	50	612.245	44.467
55	20	50	629.921	70.4373
60	20	50	646.9	103.502
65	20	50	664.82	137.307
70	20	50	683.761	170.456
75	20	50	703.812	203.07
80	20	50	725.076	235.089
85	20	50	745.342	266.101
90	20	50	766.773	296.963
95	20	50	789.474	326.834
20	25	50	530.973	3.10498
25	25	50	535.714	3.96713
30	25	50	542.986	5.59887
35	25	50	551.724	8.05617
40	25	50	562.061	11.0958
45	25	50	579.71	15.8191
50	25	50	592.593	24.1694
55	25	50	606.061	33.8115
60	25	50	628.272	50.5152
65	25	50	641.711	76.8986
70	25	50	657.534	101.031
75	25	50	676.056	124.423
80	25	50	693.642	146.759
85	25	50	712.166	167.943
90	25	50	731.707	188.515
95	25	50	752.351	208.68
100	25	50	771.704	227.161
20	30	50	528.634	2.82938
25	30	50	533.333	3.59335
30	30	50	536.913	4.75359
35	30	50	542.986	6.36787
40	30	50	552.995	9.09813
45	30	50	564.706	12.1972
50	30	50	582.524	16.5952
55	30	50	592.593	24.5984
60	30	50	607.595	33.0218
65	30	50	625	48.2457
70	30	50	641.711	67.8454
75	30	50	655.738	88.9233
80	30	50	674.157	105.891
85	30	50	691.643	122.566
90	30	50	710.059	140.246
95	30	50	727.273	154.385
100	30	50	747.664	168.476
20	35	50	527.473	2.60304
25	35	50	530.973	3.28273
30	35	50	534.521	4.08092
35	35	50	539.326	5.07121
40	35	50	546.697	6.89773
45	35	50	554.273	9.73922
50	35	50	571.429	12.1861
55	35	50	583.942	16.7688
60	35	50	595.533	22.6329
65	35	50	615.385	28.164
70	35	50	629.921	41.5516
75	35	50	641.711	56.4885
80	35	50	655.738	74.5187
85	35	50	672.269	88.1431
90	35	50	689.655	100.684
95	35	50	707.965	111.186
100	35	50	725.076	121.044
20	40	50	526.316	2.42929
25	40	50	529.801	3.02318
30	40	50	533.333	3.9148
35	40	50	536.913	4.68591
40	40	50	541.761	6.12587
45	40	50	547.945	7.5179
50	40	50	556.845	10.5334
55	40	50	574.163	12.4874
60	40	50	582.524	16.7622
65	40	50	597.015	21.893
70	40	50	613.811	28.9638
75	40	50	633.245	38.8302
80	40	50	643.432	51.8213
85	40	50	657.534	62.5954
90	40	50	674.157	73.031
95	40	50	691.643	81.6206
100	40	50	707.965	90.5925
20	45	50	525.164	2.29127
25	45	50	529.801	2.81783
30	45	50	532.151	3.62171
35	45	50	536.913	4.43748
40	45	50	540.541	5.56858
45	45	50	545.455	6.28187
50	45	50	551.724	8.92911
55	45	50	559.441	10.3926
60	45	50	575.54	13.323
65	45	50	588.235	15.5465
70	45	50	603.015	21.1801
75	45	50	626.632	27.2021
80	45	50	634.921	38.3877
85	45	50	646.9	48.03
90	45	50	662.983	53.3004
95	45	50	677.966	64.0278
100	45	50	695.652	71.5816
20	50	50	525.164	2.17966
25	50	50	528.634	2.65197
30	50	50	532.151	3.23447
35	50	50	535.714	4.07327
40	50	50	539.326	5.17315
45	50	50	542.986	6.07905
50	50	50	549.199	6.77121
55	50	50	555.556	8.49667
60	50	50	564.706	9.91375
65	50	50	579.71	12.9172
70	50	50	589.681	15.7357
75	50	50	620.155	18.026
80	50	50	633.245	24.3652
85	50	50	641.711	33.0852
90	50	50	653.951	40.9333
95	50	50	666.667	47.1829
100	50	50	683.761	53.194
