1000	6.9606e-017
996.678	7.10312e-017
993.377	7.24353e-017
990.099	7.3798e-017
986.842	7.51126e-017
983.607	7.63887e-017
980.392	7.76502e-017
977.199	7.89304e-017
974.026	8.02647e-017
970.874	8.16835e-017
967.742	8.32051e-017
964.63	8.48314e-017
961.538	8.65478e-017
958.466	8.83258e-017
955.414	9.01292e-017
952.381	9.19223e-017
949.367	9.36779e-017
946.372	9.53834e-017
943.396	9.70444e-017
940.439	9.8684e-017
937.5	1.00338e-016
934.579	1.02047e-016
931.677	1.0385e-016
928.793	1.05772e-016
925.926	1.07823e-016
923.077	1.09991e-016
920.245	1.12249e-016
917.431	1.14556e-016
914.634	1.16869e-016
911.854	1.19154e-016
909.091	1.21389e-016
906.344	1.23576e-016
903.614	1.25733e-016
900.901	1.279e-016
898.204	1.30124e-016
895.522	1.32452e-016
892.857	1.34921e-016
890.208	1.3755e-016
887.574	1.40332e-016
884.956	1.43242e-016
882.353	1.46236e-016
879.765	1.49264e-016
877.193	1.52281e-016
874.636	1.55255e-016
872.093	1.58177e-016
869.565	1.61065e-016
867.052	1.63957e-016
864.553	1.66909e-016
862.069	1.6998e-016
859.599	1.73219e-016
857.143	1.76658e-016
854.701	1.80303e-016
852.273	1.84131e-016
849.858	1.88095e-016
847.458	1.92138e-016
845.07	1.962e-016
842.697	2.00236e-016
840.336	2.04226e-016
837.989	2.08179e-016
835.655	2.12134e-016
833.333	2.16154e-016
831.025	2.20314e-016
828.729	2.24682e-016
826.446	2.29308e-016
824.176	2.34213e-016
821.918	2.39384e-016
819.672	2.44774e-016
817.439	2.50316e-016
815.217	2.55936e-016
813.008	2.61568e-016
810.811	2.67173e-016
808.625	2.7275e-016
806.452	2.78334e-016
804.29	2.83999e-016
802.139	2.89836e-016
800	2.95941e-016
797.872	3.02394e-016
795.756	3.09241e-016
793.651	3.16486e-016
791.557	3.24088e-016
789.474	3.31972e-016
787.402	3.40044e-016
785.34	3.48211e-016
783.29	3.56409e-016
781.25	3.64614e-016
779.221	3.72856e-016
777.202	3.81216e-016
775.194	3.89813e-016
773.196	3.98783e-016
771.208	4.08253e-016
769.231	4.18317e-016
767.263	4.29012e-016
765.306	4.40319e-016
763.359	4.52159e-016
761.421	4.64415e-016
759.494	4.7696e-016
757.576	4.89687e-016
755.668	5.02539e-016
753.769	5.1553e-016
751.88	5.28751e-016
750	5.42363e-016
748.13	5.5657e-016
746.269	5.71589e-016
744.417	5.87605e-016
742.574	6.04743e-016
740.741	6.23039e-016
738.916	6.42442e-016
737.101	6.62822e-016
735.294	6.84009e-016
733.496	7.05834e-016
731.707	7.28186e-016
729.927	7.51048e-016
728.155	7.74531e-016
726.392	7.98873e-016
724.638	8.24421e-016
722.892	8.5158e-016
721.154	8.80752e-016
719.424	9.12261e-016
717.703	9.46293e-016
715.99	9.82848e-016
714.286	1.02173e-015
712.589	1.06256e-015
710.9	1.10484e-015
709.22	1.14803e-015
707.547	1.19163e-015
705.882	1.23528e-015
704.225	1.27882e-015
702.576	1.3223e-015
700.935	1.36602e-015
699.301	1.4104e-015
697.674	1.45591e-015
696.056	1.50296e-015
694.444	1.55175e-015
692.841	1.60215e-015
691.244	1.65369e-015
689.655	1.70549e-015
688.073	1.75634e-015
686.499	1.80486e-015
684.932	1.84958e-015
683.371	1.88922e-015
681.818	1.92286e-015
680.272	1.95007e-015
678.733	1.97109e-015
677.201	1.98682e-015
675.676	1.99876e-015
674.157	2.00896e-015
672.646	2.01972e-015
671.141	2.03343e-015
669.643	2.05229e-015
668.151	2.07805e-015
666.667	2.11184e-015
665.188	2.15405e-015
663.717	2.2043e-015
662.252	2.26144e-015
660.793	2.32374e-015
659.341	2.38902e-015
657.895	2.45492e-015
656.455	2.51909e-015
655.022	2.57942e-015
653.595	2.63424e-015
652.174	2.68242e-015
650.759	2.72341e-015
649.351	2.7573e-015
647.948	2.78471e-015
646.552	2.80672e-015
645.161	2.82472e-015
643.777	2.84029e-015
642.398	2.85504e-015
641.026	2.87051e-015
639.659	2.88802e-015
638.298	2.90866e-015
636.943	2.93321e-015
635.593	2.96212e-015
634.249	2.99559e-015
632.911	3.03353e-015
631.579	3.07569e-015
630.252	3.12166e-015
628.931	3.17103e-015
627.615	3.22335e-015
626.305	3.27829e-015
625	3.33557e-015
623.701	3.39505e-015
622.407	3.45665e-015
621.118	3.52035e-015
619.835	3.58608e-015
618.557	3.65367e-015
617.284	3.72275e-015
616.016	3.79271e-015
614.754	3.86258e-015
613.497	3.93106e-015
612.245	3.99655e-015
610.998	4.05718e-015
609.756	4.11092e-015
608.519	4.15572e-015
607.287	4.18966e-015
606.061	4.2111e-015
604.839	4.2188e-015
603.622	4.21205e-015
602.41	4.19068e-015
601.202	4.15511e-015
600	4.10628e-015
598.802	4.04561e-015
597.61	3.97478e-015
596.421	3.89572e-015
595.238	3.81037e-015
594.059	3.72061e-015
592.885	3.62815e-015
591.716	3.53448e-015
590.551	3.44081e-015
589.391	3.3481e-015
588.235	3.25708e-015
587.084	3.16825e-015
585.938	3.08201e-015
584.795	2.99858e-015
583.658	2.91813e-015
582.524	2.84072e-015
581.395	2.76632e-015
580.271	2.69482e-015
579.151	2.626e-015
578.035	2.55954e-015
576.923	2.49504e-015
575.816	2.43202e-015
574.713	2.36999e-015
573.614	2.30846e-015
572.519	2.24702e-015
571.429	2.18539e-015
570.342	2.12344e-015
569.26	2.06119e-015
568.182	1.99886e-015
567.108	1.93681e-015
566.038	1.87549e-015
564.972	1.81541e-015
563.91	1.75709e-015
562.852	1.70099e-015
561.798	1.64747e-015
560.748	1.59678e-015
559.701	1.54903e-015
558.659	1.50424e-015
557.621	1.46231e-015
556.586	1.42309e-015
555.556	1.3864e-015
554.529	1.35204e-015
553.506	1.31984e-015
552.486	1.28963e-015
551.471	1.26127e-015
550.459	1.23463e-015
549.451	1.20957e-015
548.446	1.18595e-015
547.445	1.16359e-015
546.448	1.14229e-015
545.455	1.12185e-015
544.465	1.10204e-015
543.478	1.08267e-015
542.495	1.06354e-015
541.516	1.04454e-015
540.541	1.02556e-015
539.568	1.00658e-015
538.6	9.87622e-016
537.634	9.68719e-016
536.673	9.49936e-016
535.714	9.31334e-016
534.759	9.12955e-016
533.808	8.94816e-016
532.86	8.76906e-016
531.915	8.59188e-016
530.973	8.41608e-016
530.035	8.24114e-016
529.101	8.06661e-016
528.169	7.89226e-016
527.241	7.71817e-016
526.316	7.54467e-016
525.394	7.37233e-016
524.476	7.20186e-016
523.56	7.03399e-016
522.648	6.86934e-016
521.739	6.70833e-016
520.833	6.55113e-016
519.931	6.39769e-016
519.031	6.24772e-016
518.135	6.10085e-016
517.241	5.9567e-016
516.351	5.81496e-016
515.464	5.67549e-016
514.58	5.53834e-016
513.699	5.40375e-016
512.821	5.27208e-016
511.945	5.14374e-016
511.073	5.01911e-016
510.204	4.89844e-016
509.338	4.78183e-016
508.475	4.66917e-016
507.614	4.56019e-016
506.757	4.45453e-016
505.902	4.35178e-016
505.051	4.25159e-016
504.202	4.15374e-016
503.356	4.05816e-016
502.513	3.96498e-016
501.672	3.87445e-016
500.835	3.78693e-016
500	3.70278e-016
499.168	3.62233e-016
498.339	3.54579e-016
497.512	3.47321e-016
496.689	3.40454e-016
495.868	3.33959e-016
495.05	3.27813e-016
494.234	3.21993e-016
493.421	3.16483e-016
492.611	3.11279e-016
491.803	3.06391e-016
490.998	3.01839e-016
490.196	2.97654e-016
489.396	2.93868e-016
488.599	2.90509e-016
487.805	2.87599e-016
487.013	2.85145e-016
486.224	2.83144e-016
485.437	2.8158e-016
484.653	2.80428e-016
483.871	2.79664e-016
483.092	2.79267e-016
482.315	2.79222e-016
481.541	2.79526e-016
480.769	2.80185e-016
480	2.81214e-016
479.233	2.82632e-016
478.469	2.84452e-016
477.707	2.86684e-016
476.948	2.89324e-016
476.19	2.92357e-016
475.436	2.95754e-016
474.684	2.99479e-016
473.934	3.03489e-016
473.186	3.07745e-016
472.441	3.1221e-016
471.698	3.16857e-016
470.958	3.21669e-016
470.219	3.26638e-016
469.484	3.31759e-016
468.75	3.37031e-016
468.019	3.42445e-016
467.29	3.47988e-016
466.563	3.53635e-016
465.839	3.59351e-016
465.116	3.65093e-016
464.396	3.70816e-016
463.679	3.76474e-016
462.963	3.8203e-016
462.25	3.87457e-016
461.538	3.9274e-016
460.829	3.97876e-016
460.123	4.02875e-016
459.418	4.07751e-016
458.716	4.12517e-016
458.015	4.17186e-016
457.317	4.21761e-016
456.621	4.26239e-016
455.927	4.30605e-016
455.235	4.34842e-016
454.545	4.3893e-016
453.858	4.42854e-016
453.172	4.46604e-016
452.489	4.50184e-016
451.807	4.53606e-016
451.128	4.56893e-016
450.45	4.60075e-016
449.775	4.63184e-016
449.102	4.66248e-016
448.43	4.69287e-016
447.761	4.72313e-016
447.094	4.75326e-016
446.429	4.78316e-016
445.765	4.8127e-016
445.104	4.84172e-016
444.444	4.87009e-016
443.787	4.89778e-016
443.131	4.92483e-016
442.478	4.9514e-016
441.826	4.97771e-016
441.176	5.00403e-016
440.529	5.03061e-016
439.883	5.05768e-016
439.239	5.08533e-016
438.596	5.1136e-016
437.956	5.14238e-016
437.318	5.17152e-016
436.681	5.20082e-016
436.047	5.23007e-016
435.414	5.25913e-016
434.783	5.28795e-016
434.153	5.31656e-016
433.526	5.34509e-016
432.9	5.37375e-016
432.277	5.40275e-016
431.655	5.4323e-016
431.034	5.46253e-016
430.416	5.4935e-016
429.799	5.52514e-016
429.185	5.55732e-016
428.571	5.58982e-016
427.96	5.62242e-016
427.35	5.65492e-016
426.743	5.68718e-016
426.136	5.71915e-016
425.532	5.7509e-016
424.929	5.78256e-016
424.328	5.81432e-016
423.729	5.84641e-016
423.131	5.87897e-016
422.535	5.91211e-016
421.941	5.94584e-016
421.348	5.98006e-016
420.757	6.0146e-016
420.168	6.04923e-016
419.58	6.08374e-016
418.994	6.11792e-016
418.41	6.15169e-016
417.827	6.18503e-016
417.246	6.21801e-016
416.667	6.2508e-016
416.089	6.2836e-016
415.512	6.3166e-016
414.938	6.34996e-016
414.365	6.38374e-016
413.793	6.41792e-016
413.223	6.45238e-016
412.655	6.48693e-016
412.088	6.52134e-016
411.523	6.55542e-016
410.959	6.58898e-016
410.397	6.62197e-016
409.836	6.6544e-016
409.277	6.68639e-016
408.719	6.7181e-016
408.163	6.74975e-016
407.609	6.78153e-016
407.056	6.81356e-016
406.504	6.84589e-016
405.954	6.87848e-016
405.405	6.91118e-016
404.858	6.9438e-016
404.313	6.97612e-016
403.769	7.00794e-016
403.226	7.03914e-016
402.685	7.06966e-016
402.145	7.09957e-016
401.606	7.12899e-016
401.07	7.15812e-016
400.534	7.18717e-016
400	7.21631e-016
399.467	7.24566e-016
398.936	7.27525e-016
398.406	7.30499e-016
397.878	7.33474e-016
397.351	7.36429e-016
396.825	7.39344e-016
396.301	7.42201e-016
395.778	7.44989e-016
395.257	7.47708e-016
394.737	7.50363e-016
394.218	7.52973e-016
393.701	7.55556e-016
393.185	7.58133e-016
392.67	7.60721e-016
392.157	7.63329e-016
391.645	7.65957e-016
391.134	7.68597e-016
390.625	7.71231e-016
390.117	7.73839e-016
389.61	7.76402e-016
389.105	7.78903e-016
388.601	7.81334e-016
388.098	7.83697e-016
387.597	7.86002e-016
387.097	7.88265e-016
386.598	7.90509e-016
386.1	7.92752e-016
385.604	7.95011e-016
385.109	7.97291e-016
384.615	7.99592e-016
384.123	8.01902e-016
383.632	8.04204e-016
383.142	8.06478e-016
382.653	8.08704e-016
382.166	8.10869e-016
381.679	8.12966e-016
381.194	8.15001e-016
380.711	8.16984e-016
380.228	8.18934e-016
379.747	8.20872e-016
379.267	8.22818e-016
378.788	8.24786e-016
378.31	8.26779e-016
377.834	8.28796e-016
377.358	8.30822e-016
376.884	8.3284e-016
376.412	8.34829e-016
375.94	8.36772e-016
375.469	8.38657e-016
375	8.4048e-016
374.532	8.42247e-016
374.065	8.43973e-016
373.599	8.45677e-016
373.134	8.4738e-016
372.671	8.491e-016
372.208	8.5085e-016
371.747	8.52633e-016
371.287	8.54442e-016
370.828	8.56265e-016
370.37	8.58083e-016
369.914	8.59875e-016
369.458	8.61626e-016
369.004	8.63325e-016
368.55	8.64972e-016
368.098	8.66574e-016
367.647	8.68148e-016
367.197	8.69714e-016
366.748	8.71294e-016
366.3	8.72904e-016
365.854	8.74556e-016
365.408	8.76251e-016
364.964	8.77983e-016
364.52	8.79735e-016
364.078	8.8149e-016
363.636	8.83229e-016
363.196	8.84936e-016
362.757	8.86604e-016
362.319	8.88235e-016
361.882	8.8984e-016
361.446	8.91435e-016
361.011	8.93043e-016
360.577	8.94686e-016
360.144	8.9638e-016
359.712	8.98134e-016
359.281	8.99949e-016
358.852	9.01817e-016
358.423	9.03722e-016
357.995	9.05646e-016
357.569	9.07571e-016
357.143	9.09484e-016
356.718	9.1138e-016
356.295	9.13263e-016
355.872	9.15147e-016
355.45	9.1705e-016
355.03	9.18997e-016
354.61	9.21009e-016
354.191	9.23101e-016
353.774	9.25283e-016
353.357	9.27554e-016
352.941	9.29904e-016
352.526	9.32316e-016
352.113	9.34774e-016
351.7	9.37259e-016
351.288	9.3976e-016
350.877	9.42276e-016
350.467	9.44812e-016
350.058	9.47383e-016
349.65	9.50011e-016
349.243	9.52719e-016
348.837	9.55528e-016
348.432	9.58454e-016
348.028	9.61501e-016
347.625	9.64668e-016
347.222	9.67943e-016
346.821	9.71307e-016
346.42	9.7474e-016
346.021	9.78227e-016
345.622	9.81755e-016
345.224	9.85322e-016
344.828	9.88935e-016
344.432	9.9261e-016
344.037	9.96367e-016
343.643	1.00023e-015
343.249	1.00421e-015
342.857	1.00833e-015
342.466	1.01258e-015
342.075	1.01696e-015
341.686	1.02145e-015
341.297	1.02603e-015
340.909	1.03068e-015
340.522	1.03538e-015
340.136	1.0401e-015
339.751	1.04486e-015
339.367	1.04965e-015
338.983	1.05449e-015
338.6	1.0594e-015
338.219	1.06439e-015
337.838	1.06948e-015
337.458	1.07468e-015
337.079	1.07998e-015
336.7	1.08537e-015
336.323	1.09083e-015
335.946	1.09633e-015
335.57	1.10185e-015
335.196	1.10737e-015
334.821	1.11286e-015
334.448	1.11833e-015
334.076	1.12378e-015
333.704	1.12922e-015
333.333	1.13467e-015
332.963	1.14015e-015
332.594	1.14568e-015
332.226	1.15125e-015
331.858	1.15686e-015
331.492	1.1625e-015
331.126	1.16815e-015
330.761	1.17378e-015
330.396	1.17935e-015
330.033	1.18486e-015
329.67	1.19028e-015
329.308	1.19562e-015
328.947	1.20088e-015
328.587	1.20609e-015
328.228	1.21125e-015
327.869	1.2164e-015
327.511	1.22154e-015
327.154	1.22669e-015
326.797	1.23184e-015
326.442	1.23697e-015
326.087	1.24207e-015
325.733	1.2471e-015
325.38	1.25205e-015
325.027	1.2569e-015
324.675	1.26163e-015
324.324	1.26624e-015
323.974	1.27076e-015
323.625	1.2752e-015
323.276	1.27958e-015
322.928	1.28393e-015
322.581	1.28826e-015
322.234	1.2926e-015
321.888	1.29692e-015
321.543	1.30122e-015
321.199	1.30548e-015
320.856	1.30966e-015
320.513	1.31376e-015
320.171	1.31774e-015
319.829	1.32161e-015
319.489	1.32536e-015
319.149	1.32901e-015
318.81	1.33259e-015
318.471	1.33612e-015
318.134	1.33963e-015
317.797	1.34314e-015
317.46	1.34665e-015
317.125	1.35017e-015
316.79	1.35367e-015
316.456	1.35714e-015
316.122	1.36054e-015
315.789	1.36386e-015
315.457	1.36707e-015
315.126	1.37017e-015
314.795	1.37317e-015
314.465	1.37609e-015
314.136	1.37894e-015
313.808	1.38176e-015
313.48	1.38458e-015
313.152	1.38741e-015
312.826	1.39025e-015
312.5	1.39312e-015
312.175	1.39598e-015
311.85	1.39882e-015
311.526	1.40161e-015
311.203	1.40432e-015
310.881	1.40693e-015
310.559	1.40945e-015
310.238	1.41187e-015
309.917	1.41421e-015
309.598	1.41651e-015
309.278	1.41879e-015
308.96	1.42108e-015
308.642	1.42339e-015
308.325	1.42574e-015
308.008	1.42812e-015
307.692	1.43051e-015
307.377	1.43288e-015
307.062	1.43521e-015
306.748	1.43747e-015
306.435	1.43964e-015
306.122	1.44171e-015
305.81	1.4437e-015
305.499	1.44562e-015
305.188	1.44751e-015
304.878	1.44938e-015
304.569	1.45128e-015
304.26	1.45322e-015
303.951	1.4552e-015
303.644	1.45723e-015
303.337	1.45927e-015
303.03	1.4613e-015
302.725	1.46329e-015
302.419	1.46521e-015
302.115	1.46705e-015
301.811	1.4688e-015
301.508	1.47046e-015
301.205	1.47207e-015
300.903	1.47364e-015
300.601	1.47522e-015
300.3	1.47683e-015
300	1.47849e-015
