1000	2.44878e-016
996.678	2.49277e-016
993.377	2.56637e-016
990.099	2.66244e-016
986.842	2.76924e-016
983.607	2.87302e-016
980.392	2.96096e-016
977.199	3.02396e-016
974.026	3.0586e-016
970.874	3.06788e-016
967.742	3.06055e-016
964.63	3.04925e-016
961.538	3.04772e-016
958.466	3.06791e-016
955.414	3.11731e-016
952.381	3.19742e-016
949.367	3.30335e-016
946.372	3.42492e-016
943.396	3.54885e-016
940.439	3.6616e-016
937.5	3.75236e-016
934.579	3.81536e-016
931.677	3.85115e-016
928.793	3.86653e-016
925.926	3.87309e-016
923.077	3.88475e-016
920.245	3.91479e-016
917.431	3.97299e-016
914.634	4.06353e-016
911.854	4.18406e-016
909.091	4.32624e-016
906.344	4.47749e-016
903.614	4.62375e-016
900.901	4.75245e-016
898.204	4.85534e-016
895.522	4.93025e-016
892.857	4.9816e-016
890.208	5.01956e-016
887.574	5.05784e-016
884.956	5.11082e-016
882.353	5.19043e-016
879.765	5.30359e-016
877.193	5.45069e-016
874.636	5.6255e-016
872.093	5.81647e-016
869.565	6.00926e-016
867.052	6.18979e-016
864.553	6.34741e-016
862.069	6.47724e-016
859.599	6.58137e-016
857.143	6.66849e-016
854.701	6.75219e-016
852.273	6.84802e-016
849.858	6.97026e-016
847.458	7.1288e-016
845.07	7.32696e-016
842.697	7.56073e-016
840.336	7.81958e-016
837.989	8.0887e-016
835.655	8.35227e-016
833.333	8.59698e-016
831.025	8.81512e-016
828.729	9.00651e-016
826.446	9.17878e-016
824.176	9.3461e-016
821.918	9.52622e-016
819.672	9.73683e-016
817.439	9.9917e-016
815.217	1.02976e-015
813.008	1.06527e-015
810.811	1.10468e-015
808.625	1.14636e-015
806.452	1.18842e-015
804.29	1.22923e-015
802.139	1.26778e-015
800	1.30412e-015
797.872	1.33944e-015
795.756	1.37603e-015
793.651	1.41696e-015
791.557	1.46558e-015
789.474	1.52486e-015
787.402	1.59682e-015
785.34	1.68202e-015
783.29	1.77926e-015
781.25	1.88563e-015
779.221	1.99678e-015
777.202	2.10753e-015
775.194	2.21258e-015
773.196	2.30733e-015
771.208	2.38859e-015
769.231	2.45515e-015
767.263	2.50798e-015
765.306	2.55018e-015
763.359	2.58656e-015
761.421	2.62306e-015
759.494	2.66593e-015
757.576	2.72099e-015
755.668	2.79296e-015
753.769	2.88506e-015
751.88	2.99876e-015
750	3.13401e-015
748.13	3.28949e-015
746.269	3.46319e-015
744.417	3.65296e-015
742.574	3.85697e-015
740.741	4.07408e-015
738.916	4.304e-015
737.101	4.54718e-015
735.294	4.80453e-015
733.496	5.07707e-015
731.707	5.3655e-015
729.927	5.66986e-015
728.155	5.98935e-015
726.392	6.32229e-015
724.638	6.66641e-015
722.892	7.01916e-015
721.154	7.37818e-015
719.424	7.74183e-015
717.703	8.10952e-015
715.99	8.48195e-015
714.286	8.86113e-015
712.589	9.25011e-015
710.9	9.65257e-015
709.22	1.00723e-014
707.547	1.05125e-014
705.882	1.09753e-014
704.225	1.14616e-014
702.576	1.19706e-014
700.935	1.24998e-014
699.301	1.30458e-014
697.674	1.36042e-014
696.056	1.41706e-014
694.444	1.47408e-014
692.841	1.53114e-014
691.244	1.58803e-014
689.655	1.64463e-014
688.073	1.70095e-014
686.499	1.75705e-014
684.932	1.81304e-014
683.371	1.86902e-014
681.818	1.925e-014
680.272	1.98093e-014
678.733	2.03667e-014
677.201	2.09193e-014
675.676	2.1464e-014
674.157	2.19969e-014
672.646	2.25141e-014
671.141	2.30122e-014
669.643	2.34883e-014
668.151	2.39407e-014
666.667	2.43686e-014
665.188	2.47724e-014
663.717	2.5153e-014
662.252	2.55121e-014
660.793	2.58515e-014
659.341	2.61729e-014
657.895	2.64776e-014
656.455	2.67663e-014
655.022	2.70389e-014
653.595	2.72948e-014
652.174	2.75325e-014
650.759	2.77506e-014
649.351	2.7947e-014
647.948	2.81201e-014
646.552	2.82683e-014
645.161	2.83905e-014
643.777	2.84862e-014
642.398	2.85556e-014
641.026	2.85993e-014
639.659	2.86186e-014
638.298	2.86155e-014
636.943	2.85922e-014
635.593	2.85512e-014
634.249	2.84954e-014
632.911	2.84277e-014
631.579	2.8351e-014
630.252	2.82681e-014
628.931	2.81816e-014
627.615	2.80938e-014
626.305	2.80066e-014
625	2.79216e-014
623.701	2.78399e-014
622.407	2.77621e-014
621.118	2.76882e-014
619.835	2.7618e-014
618.557	2.75509e-014
617.284	2.74858e-014
616.016	2.74217e-014
614.754	2.73574e-014
613.497	2.72919e-014
612.245	2.7224e-014
610.998	2.71532e-014
609.756	2.70789e-014
608.519	2.70009e-014
607.287	2.69195e-014
606.061	2.68349e-014
604.839	2.67478e-014
603.622	2.66587e-014
602.41	2.65683e-014
601.202	2.6477e-014
600	2.63852e-014
598.802	2.62929e-014
597.61	2.61999e-014
596.421	2.61058e-014
595.238	2.60098e-014
594.059	2.59111e-014
592.885	2.5809e-014
591.716	2.57024e-014
590.551	2.55909e-014
589.391	2.5474e-014
588.235	2.53517e-014
587.084	2.52241e-014
585.938	2.50917e-014
584.795	2.49552e-014
583.658	2.48154e-014
582.524	2.46732e-014
581.395	2.4529e-014
580.271	2.43835e-014
579.151	2.42368e-014
578.035	2.40887e-014
576.923	2.3939e-014
575.816	2.3787e-014
574.713	2.36321e-014
573.614	2.34736e-014
572.519	2.33108e-014
571.429	2.31436e-014
570.342	2.29717e-014
569.26	2.27955e-014
568.182	2.26154e-014
567.108	2.24325e-014
566.038	2.22476e-014
564.972	2.20619e-014
563.91	2.18767e-014
562.852	2.16929e-014
561.798	2.15116e-014
560.748	2.13336e-014
559.701	2.11596e-014
558.659	2.099e-014
557.621	2.08252e-014
556.586	2.06655e-014
555.556	2.05109e-014
554.529	2.03616e-014
553.506	2.02175e-014
552.486	2.00788e-014
551.471	1.99452e-014
550.459	1.98166e-014
549.451	1.96927e-014
548.446	1.95732e-014
547.445	1.94577e-014
546.448	1.93456e-014
545.455	1.92366e-014
544.465	1.913e-014
543.478	1.90255e-014
542.495	1.89228e-014
541.516	1.88215e-014
540.541	1.87216e-014
539.568	1.86229e-014
538.6	1.85255e-014
537.634	1.84294e-014
536.673	1.83346e-014
535.714	1.82411e-014
534.759	1.81489e-014
533.808	1.80578e-014
532.86	1.79677e-014
531.915	1.78785e-014
530.973	1.779e-014
530.035	1.77021e-014
529.101	1.76146e-014
528.169	1.75277e-014
527.241	1.74414e-014
526.316	1.73558e-014
525.394	1.72711e-014
524.476	1.71875e-014
523.56	1.71052e-014
522.648	1.70243e-014
521.739	1.69449e-014
520.833	1.68669e-014
519.931	1.67905e-014
519.031	1.67155e-014
518.135	1.66419e-014
517.241	1.65695e-014
516.351	1.64984e-014
515.464	1.64286e-014
514.58	1.63601e-014
513.699	1.6293e-014
512.821	1.62274e-014
511.945	1.61635e-014
511.073	1.61014e-014
510.204	1.60411e-014
509.338	1.59827e-014
508.475	1.59263e-014
507.614	1.58719e-014
506.757	1.58194e-014
505.902	1.57688e-014
505.051	1.57201e-014
504.202	1.56735e-014
503.356	1.56289e-014
502.513	1.55865e-014
501.672	1.55464e-014
500.835	1.55088e-014
500	1.5474e-014
499.168	1.5442e-014
498.339	1.5413e-014
497.512	1.53872e-014
496.689	1.53645e-014
495.868	1.53452e-014
495.05	1.53292e-014
494.234	1.53165e-014
493.421	1.53071e-014
492.611	1.53011e-014
491.803	1.52986e-014
490.998	1.52995e-014
490.196	1.53039e-014
489.396	1.53119e-014
488.599	1.53235e-014
487.805	1.53387e-014
487.013	1.53575e-014
486.224	1.53799e-014
485.437	1.54058e-014
484.653	1.5435e-014
483.871	1.54674e-014
483.092	1.55028e-014
482.315	1.55411e-014
481.541	1.55819e-014
480.769	1.56252e-014
480	1.56707e-014
479.233	1.57183e-014
478.469	1.57677e-014
477.707	1.58187e-014
476.948	1.58711e-014
476.19	1.59246e-014
475.436	1.5979e-014
474.684	1.60338e-014
473.934	1.6089e-014
473.186	1.6144e-014
472.441	1.61985e-014
471.698	1.62524e-014
470.958	1.63052e-014
470.219	1.63567e-014
469.484	1.64066e-014
468.75	1.64548e-014
468.019	1.65011e-014
467.29	1.65453e-014
466.563	1.65874e-014
465.839	1.66271e-014
465.116	1.66645e-014
464.396	1.66995e-014
463.679	1.67319e-014
462.963	1.67618e-014
462.25	1.67892e-014
461.538	1.6814e-014
460.829	1.68363e-014
460.123	1.68562e-014
459.418	1.68737e-014
458.716	1.6889e-014
458.015	1.69021e-014
457.317	1.69132e-014
456.621	1.69225e-014
455.927	1.69301e-014
455.235	1.69361e-014
454.545	1.69407e-014
453.858	1.69441e-014
453.172	1.69462e-014
452.489	1.69472e-014
451.807	1.69473e-014
451.128	1.69465e-014
450.45	1.69449e-014
449.775	1.69425e-014
449.102	1.69396e-014
448.43	1.6936e-014
447.761	1.6932e-014
447.094	1.69275e-014
446.429	1.69227e-014
445.765	1.69176e-014
445.104	1.69122e-014
444.444	1.69067e-014
443.787	1.6901e-014
443.131	1.68952e-014
442.478	1.68893e-014
441.826	1.68833e-014
441.176	1.68773e-014
440.529	1.68714e-014
439.883	1.68654e-014
439.239	1.68596e-014
438.596	1.68538e-014
437.956	1.68481e-014
437.318	1.68424e-014
436.681	1.68369e-014
436.047	1.68314e-014
435.414	1.68259e-014
434.783	1.68205e-014
434.153	1.6815e-014
433.526	1.68094e-014
432.9	1.68038e-014
432.277	1.67981e-014
431.655	1.67924e-014
431.034	1.67867e-014
430.416	1.67809e-014
429.799	1.67753e-014
429.185	1.67697e-014
428.571	1.67642e-014
427.96	1.67587e-014
427.35	1.67534e-014
426.743	1.67481e-014
426.136	1.67428e-014
425.532	1.67374e-014
424.929	1.6732e-014
424.328	1.67264e-014
423.729	1.67206e-014
423.131	1.67147e-014
422.535	1.67086e-014
421.941	1.67025e-014
421.348	1.66962e-014
420.757	1.66899e-014
420.168	1.66836e-014
419.58	1.66774e-014
418.994	1.66711e-014
418.41	1.66649e-014
417.827	1.66587e-014
417.246	1.66524e-014
416.667	1.6646e-014
416.089	1.66394e-014
415.512	1.66327e-014
414.938	1.66258e-014
414.365	1.66187e-014
413.793	1.66114e-014
413.223	1.6604e-014
412.655	1.65965e-014
412.088	1.65889e-014
411.523	1.65814e-014
410.959	1.65738e-014
410.397	1.65663e-014
409.836	1.65587e-014
409.277	1.65511e-014
408.719	1.65434e-014
408.163	1.65357e-014
407.609	1.65278e-014
407.056	1.65198e-014
406.504	1.65117e-014
405.954	1.65034e-014
405.405	1.64951e-014
404.858	1.64866e-014
404.313	1.64782e-014
403.769	1.64697e-014
403.226	1.64612e-014
402.685	1.64527e-014
402.145	1.64442e-014
401.606	1.64356e-014
401.07	1.6427e-014
400.534	1.64183e-014
400	1.64095e-014
399.467	1.64006e-014
398.936	1.63916e-014
398.406	1.63825e-014
397.878	1.63734e-014
397.351	1.63643e-014
396.825	1.63552e-014
396.301	1.63461e-014
395.778	1.6337e-014
395.257	1.6328e-014
394.737	1.63189e-014
394.218	1.63098e-014
393.701	1.63007e-014
393.185	1.62915e-014
392.67	1.62822e-014
392.157	1.62729e-014
391.645	1.62635e-014
391.134	1.6254e-014
390.625	1.62446e-014
390.117	1.62353e-014
389.61	1.62259e-014
389.105	1.62167e-014
388.601	1.62075e-014
388.098	1.61984e-014
387.597	1.61892e-014
387.097	1.61801e-014
386.598	1.61709e-014
386.1	1.61617e-014
385.604	1.61523e-014
385.109	1.6143e-014
384.615	1.61336e-014
384.123	1.61242e-014
383.632	1.61149e-014
383.142	1.61057e-014
382.653	1.60966e-014
382.166	1.60876e-014
381.679	1.60787e-014
381.194	1.60699e-014
380.711	1.60611e-014
380.228	1.60524e-014
379.747	1.60436e-014
379.267	1.60347e-014
378.788	1.60258e-014
378.31	1.60168e-014
377.834	1.60078e-014
377.358	1.59988e-014
376.884	1.59898e-014
376.412	1.59809e-014
375.94	1.59721e-014
375.469	1.59634e-014
375	1.59549e-014
374.532	1.59464e-014
374.065	1.5938e-014
373.599	1.59297e-014
373.134	1.59213e-014
372.671	1.59129e-014
372.208	1.59044e-014
371.747	1.5896e-014
371.287	1.58875e-014
370.828	1.58791e-014
370.37	1.58707e-014
369.914	1.58625e-014
369.458	1.58545e-014
369.004	1.58465e-014
368.55	1.58387e-014
368.098	1.5831e-014
367.647	1.58234e-014
367.197	1.58158e-014
366.748	1.58081e-014
366.3	1.58005e-014
365.854	1.57929e-014
365.408	1.57852e-014
364.964	1.57776e-014
364.52	1.577e-014
364.078	1.57625e-014
363.636	1.57552e-014
363.196	1.5748e-014
362.757	1.57409e-014
362.319	1.5734e-014
361.882	1.57272e-014
361.446	1.57205e-014
361.011	1.57138e-014
360.577	1.57072e-014
360.144	1.57006e-014
359.712	1.5694e-014
359.281	1.56874e-014
358.852	1.5681e-014
358.423	1.56747e-014
357.995	1.56685e-014
357.569	1.56626e-014
357.143	1.56568e-014
356.718	1.56512e-014
356.295	1.56458e-014
355.872	1.56406e-014
355.45	1.56354e-014
355.03	1.56303e-014
354.61	1.56252e-014
354.191	1.56202e-014
353.774	1.56152e-014
353.357	1.56103e-014
352.941	1.56055e-014
352.526	1.56009e-014
352.113	1.55965e-014
351.7	1.55924e-014
351.288	1.55885e-014
350.877	1.55848e-014
350.467	1.55813e-014
350.058	1.55779e-014
349.65	1.55747e-014
349.243	1.55715e-014
348.837	1.55685e-014
348.432	1.55654e-014
348.028	1.55625e-014
347.625	1.55597e-014
347.222	1.5557e-014
346.821	1.55545e-014
346.42	1.55522e-014
346.021	1.55502e-014
345.622	1.55484e-014
345.224	1.55468e-014
344.828	1.55454e-014
344.432	1.5544e-014
344.037	1.55428e-014
343.643	1.55415e-014
343.249	1.55403e-014
342.857	1.55391e-014
342.466	1.55379e-014
342.075	1.55368e-014
341.686	1.55358e-014
341.297	1.5535e-014
340.909	1.55343e-014
340.522	1.55338e-014
340.136	1.55335e-014
339.751	1.55333e-014
339.367	1.55332e-014
338.983	1.55331e-014
338.6	1.55329e-014
338.219	1.55327e-014
337.838	1.55323e-014
337.458	1.55318e-014
337.079	1.55313e-014
336.7	1.55307e-014
336.323	1.55301e-014
335.946	1.55296e-014
335.57	1.55291e-014
335.196	1.55286e-014
334.821	1.55282e-014
334.448	1.55278e-014
334.076	1.55274e-014
333.704	1.55268e-014
333.333	1.5526e-014
332.963	1.55251e-014
332.594	1.55239e-014
332.226	1.55225e-014
331.858	1.5521e-014
331.492	1.55193e-014
331.126	1.55176e-014
330.761	1.55159e-014
330.396	1.55142e-014
330.033	1.55125e-014
329.67	1.55108e-014
329.308	1.55091e-014
328.947	1.55073e-014
328.587	1.55053e-014
328.228	1.5503e-014
327.869	1.55005e-014
327.511	1.54977e-014
327.154	1.54947e-014
326.797	1.54914e-014
326.442	1.5488e-014
326.087	1.54845e-014
325.733	1.5481e-014
325.38	1.54774e-014
325.027	1.54739e-014
324.675	1.54704e-014
324.324	1.54668e-014
323.974	1.54631e-014
323.625	1.54592e-014
323.276	1.54551e-014
322.928	1.54507e-014
322.581	1.54461e-014
322.234	1.54411e-014
321.888	1.5436e-014
321.543	1.54308e-014
321.199	1.54255e-014
320.856	1.54202e-014
320.513	1.5415e-014
320.171	1.54099e-014
319.829	1.54048e-014
319.489	1.53998e-014
319.149	1.53947e-014
318.81	1.53896e-014
318.471	1.53843e-014
318.134	1.53788e-014
317.797	1.53731e-014
317.46	1.53672e-014
317.125	1.53612e-014
316.79	1.53552e-014
316.456	1.53491e-014
316.122	1.53431e-014
315.789	1.53371e-014
315.457	1.53313e-014
315.126	1.53255e-014
314.795	1.53198e-014
314.465	1.5314e-014
314.136	1.53081e-014
313.808	1.53021e-014
313.48	1.52959e-014
313.152	1.52895e-014
312.826	1.5283e-014
312.5	1.52763e-014
312.175	1.52696e-014
311.85	1.52629e-014
311.526	1.52563e-014
311.203	1.52498e-014
310.881	1.52434e-014
310.559	1.52371e-014
310.238	1.52308e-014
309.917	1.52246e-014
309.598	1.52182e-014
309.278	1.52118e-014
308.96	1.52052e-014
308.642	1.51984e-014
308.325	1.51916e-014
308.008	1.51846e-014
307.692	1.51776e-014
307.377	1.51707e-014
307.062	1.51638e-014
306.748	1.5157e-014
306.435	1.51503e-014
306.122	1.51436e-014
305.81	1.5137e-014
305.499	1.51303e-014
305.188	1.51234e-014
304.878	1.51165e-014
304.569	1.51094e-014
304.26	1.51022e-014
303.951	1.50949e-014
303.644	1.50875e-014
303.337	1.50802e-014
303.03	1.5073e-014
302.725	1.50659e-014
302.419	1.50589e-014
302.115	1.5052e-014
301.811	1.50451e-014
301.508	1.50383e-014
301.205	1.50314e-014
300.903	1.50243e-014
300.601	1.50171e-014
300.3	1.50097e-014
300	1.50022e-014
